# Find  outputs (Home  work)
a = [[10 , 20] , [30 , 40 , 50] , [60 , 70 , 80 , 90]]
b = [ x  for  x  in  a  for  y  in  x]
print(b) #  [[10,20] , [10,20] , [30,40,50], [30,40,50],[30,40,50],[60,70,80,90],[60,70,80,90],[60,70,80,90],[60,70,80,90]]


'''
x                          y                                 List  'b'
----------------------------------------------------------------------
[10 , 20]                  10      [[10 , 20]]
                           20      [[10 , 20] , [10 , 20]]
[30 , 40 , 50]             30      [[10 , 20] , [10 , 20] , [30 , 40 , 50]]
                           40      [[10 , 20] , [10 , 20] , [30 , 40 , 50] , [30 , 40 , 50]]
                           50      [[10 , 20] , [10 , 20] , [30 , 40 , 50] , [30 , 40 , 50] , [30 , 40 , 50]]
[60 , 70 , 80 , 90]        60      [[10 , 20] , [10 , 20] , [30 , 40 , 50] , [30 , 40 , 50] , [30 , 40 , 50] , [60 , 70 , 80 , 90]]
                           70      [[10 , 20] , [10 , 20] , [30 , 40 , 50] , [30 , 40 , 50] , [30 , 40 , 50] , [60 , 70 , 80 , 90] , [60 , 70 , 80 , 90]]
                           80      [[10 , 20] , [10 , 20] , [30 , 40 , 50] , [30 , 40 , 50] , [30 , 40 , 50] , [60 , 70 , 80 , 90] , [60 , 70 , 80 , 90] , [60 , 70 , 80 , 90]]
                           90      [[10 , 20] , [10 , 20] , [30 , 40 , 50] , [30 , 40 , 50] , [30 , 40 , 50] , [60 , 70 , 80 , 90] , [60 , 70 , 80 , 90] , [60 , 70 , 80 , 90] , 
                                   [60 ,70 ,80 , 90]]
'''